# Created by Octave 5.2.0, Wed Jan 20 11:10:10 2021 GMT <unknown@Sdmuhsin>
# name: noisesig
# type: matrix
# rows: 1
# columns: 1280
 0.7674013171454902 0.39221004101787776 -0.26515691725200397 -0.33218429622654105 -0.65528376446186687 0.071831026387113917 -0.17864885517427609 0.12626212372630088 0.2194701143187108 0.08152002997686468 0.68648090159323305 0.79394289302113696 0.34690544588607036 0.45849467602791977 0.063896253447702861 -0.34385965609373897 0.73746901769707673 0.62968321756150658 -0.2040127591924448 -1.1751710176301737 -0.21977720331404207 0.48276664261555319 0.04197607335783414 -0.028700226057463401 0.85501144996166301 0.30315072232678436 -0.40738016864358073 0.20417766357900366 -0.39867391744382291 0.98768232606743911 -0.50987966301317611 -0.79918480584744811 -0.20396825478015407 0.43624703282531851 -0.69125416362082281 -0.34245214335947516 -0.1323163273765636 0.052929306708960108 0.36571388539291155 0.13050421718060484 0.48056268964145021 0.94041550200251722 1.0561210258010389 0.52640507501021827 0.51932730625373769 -0.14382023213501402 0.13263276720630429 -0.51868199501705392 -0.58861558285158899 0.85613431019100583 0.49843770798073506 -0.1083346912950242 -0.15275714003997434 0.0066168602592044205 0.69277030984672916 0.49220782281298847 0.32126530455559299 -0.3376210643759272 -0.48511502522778216 -0.31184805103744306 0.23286737556113218 -0.054937012910788778 -0.01173884418306593 -0.52699644168645465 0.30550739492601237 0.41764361588397209 -0.22355043190568799 0.077251013711994693 0.37549888113326502 0.26431471334624096 -0.29579744668570324 -0.090999588774866441 0.12682538711304728 0.017589652123193845 -0.73855120726795331 -0.65363278424989513 -0.52413269038653953 0.51416316330234235 0.49106176958349756 0.22526853329649832 -0.21842225566453879 -0.38947906993964193 -0.28184355982949721 -0.38160918391966392 0.36055516842125168 1.0506023221919152 -0.1039301652956378 0.20726567653719932 0.71509534314901513 -0.079784119032047462 -0.31890059086236094 0.76528107330422734 0.099480049890039474 -0.85726834690067766 0.39398829903055804 0.15194260330740347 0.43079801125379952 0.77529497223838251 -0.41535921797976816 0.066918985531617903 0.32754593295805223 0.61675413108588817 -0.35676645421537734 -0.072990744072605071 -0.062643841471128073 0.36301327130433908 0.079803471572088863 -0.22432443201358254 -0.11093208196974751 -0.61317622664988258 -0.4659431917883593 -0.60254405720305859 -0.39752116217079436 0.75906983961270513 0.66116919318476408 0.14326229651795469 -0.33807659124589712 0.44523138812570312 -0.25326522937485235 -0.71236374067910246 -0.14520548217548115 -0.43787500571990123 -0.12825407984639772 0.763664754024307 0.45153479556912895 -0.059168377410601103 -0.33335675045052848 -0.88751492140914456 -0.71467237839460507 0.69954262868699557 -0.29200107286388077 -0.16225529342389369 0.058513983449794436 0.097208382184329478 -0.93130160027457909 -0.51374377013693251 -0.36148221462099039 1.0182492634501314 -0.21424813754487734 -0.25823530454670823 0.035737992153248702 0.0065074610908752118 -0.090738233907156948 0.45067090161768486 -0.24488534281507479 -0.22789022805257125 -0.52804610288637555 -0.89228782780241389 0.39391740063736524 0.84152385418394882 -0.080817224777895602 -0.69499013962985912 -0.069441504756082517 -0.17715652339450574 0.0061703791967450735 0.10773221674894334 -0.0019187083958926755 0.12983339184605419 0.62800345024686299 0.54564180915276028 0.3521373061034142 -0.094217212428124517 -0.071095858361297601 0.36689952684580956 0.33546760653809649 0.018626687028614853 -0.15205700751267917 0.3011281427977362 0.056929966015573305 -0.042688002779371091 0.7068951144745369 -0.32598218983005267 -0.035554236325427709 -0.2127937363039272 0.94466688250035924 0.35953053891539588 -0.27776399073500335 -0.33926075035647835 0.40072420740483161 -0.005246497026058063 -1.0426907651005322 -0.24771117566619158 0.36784626087578093 -0.43928144210872994 -0.27948345030494676 0.35471492259713333 0.060304237933994378 0.62193127963691308 -0.29081279824750722 0.069025108753286255 0.013592686725533255 0.19592027313442389 -0.46154497111168985 -0.52311228888034433 -0.37851229819949234 -0.8762114123409882 0.17269976674915302 -0.51072651027140958 -0.68585747477668524 -0.26967648775244835 -0.65484901506034621 0.56233318057703519 0.16980234639838548 0.389252762485923 0.67296890961350531 -0.31419653714696238 -0.5215918599503232 -0.0833788396094962 0.57265430870345346 -0.5836333994806765 0.072228408634940622 -0.47512817123630091 0.12331743752921645 0.023974966569023804 -0.22647377920270761 -0.34010614302127606 -0.53871968207670573 -0.45642963829169708 0.41306111676062879 -0.80617224734641535 0.10802159615922217 0.12894032286303331 -0.0081863734223486841 0.33685278654864764 0.44098301654245914 -0.093087997758883045 0.42080488223799589 -0.42799766988877497 1.1854849008777186 -0.56116618900881943 0.35190043378513447 0.30004469763872965 0.76399403395464127 0.10558168154025763 -0.2034665645173456 -0.69603045687421161 -0.02699998893113701 0.40562871410890711 0.21455495840988462 -0.39592056025260042 0.077498143999915781 0.61924358473138685 -1.0367157746972713 0.29737723319137815 0.62295081245993089 -0.18485484828915696 -0.28418702548227764 0.024913035420394806 -0.82805225765555202 0.015767411081425112 0.23389007707167109 -0.17514289990788898 -0.090110469081832942 0.11629273497503914 -0.20376991138617323 0.22283899601217771 -0.63697144764735381 0.54501799402126883 -0.75080471484397959 -0.73310653125893799 -0.65786032380883863 0.37393961216969196 -0.81790395035310248 -0.2081836481411444 -0.47161203192473317 0.093064747256826647 0.3137036735479336 -0.19213450423069039 0.2312607739073303 0.4160684882958931 0.20670242972071745 -0.42911442864118787 -0.24371305448405947 0.034746624871314531 0.36614750594824258 -0.18308727249638204 0.068561710705062978 0.5575461013013373 0.18329546420063236 0.1264451491348921 -0.42935523874549969 0.45427804971372832 0.17512540450279834 -0.44261156003413266 0.013024969076737078 0.63290390840329613 -0.61526672195900045 0.027135953887513165 0.53720684976761257 -0.23696283850492389 0.12774916430517222 -0.28600162379215904 -0.21873424396254204 -0.7531347108662938 0.20287795784840043 -0.075456947624497339 0.33112682690331946 -0.29796565192421542 -0.17770554018024423 0.31376563264617358 -0.029471134675366047 -0.080014391540445581 0.74225398924781305 0.17850125928197161 -0.14359833277716028 -0.37163925973960088 -0.011678982653555246 -1.0542679793879739 0.54179206500177846 0.62438756140064833 -0.4187849339845392 -0.093196239137034412 -0.5614366598873497 -0.28511105906665124 -0.030453543867577097 -0.39563650614744589 0.062267022388293763 -0.3412538704797714 -0.32008078080549845 -0.3315653577084362 0.90238030849491802 -0.71090738881551196 -0.10251634492098977 0.0021773445640207402 0.87699005890567383 0.30511000086734907 0.87087965361932029 0.36452272026983318 -0.30395911789618535 0.1869352790726162 -0.60539299647826494 0.070524976003166637 0.44998633128958132 0.25594706875593726 -1.0630686631932418 0.054875842018768717 -0.17642565646952912 0.54382298274226226 0.15634296283611018 0.052641096900770248 0.23473410023401164 -0.59874941948199578 -0.091662025940652481 0.23420089817821915 -0.11690546839416316 0.078041109004147097 0.73084990352225865 0.093306963803309717 -0.81813569930516117 0.018955645000416688 -0.5291167251609652 0.36100984064454078 -0.53232085029348142 -0.45709270043934308 0.65156669948381862 -0.032931716426217242 -0.059373317229631122 -0.37919676814661912 0.005388831439625901 -0.10308894593010431 0.32357341550869911 0.7196266487623364 -0.14082707669064901 -0.624798368285433 -0.062862634222527983 0.22438894474324797 -0.29194071061218851 0.97317070187299481 0.11188987400415876 -0.40845812455052904 0.028131370975053836 -0.38542189647260439 0.86640347346595248 -0.059537172656108021 0.12821671082687239 0.072355581644534053 0.10548084823889145 1.0719268146135681 0.13581020561342111 0.68264259053548737 0.22266921938692799 0.35906383390792546 